998877
998877
998877
998877
998877
998877
998877
998877
998877
998877
998877
998877
1833822995698131219
998877
998877
9817532078176908850
998877
12556558307771983455
998877
998877
998877
15622047721444373862
10038860988353341151
998877
12166489940632672833
998877
4573021831499194481
998877
16904918356605499441
998877
4018531943774235332
998877
6126179710053739261
998877
10409640254884324099
998877
5577746483243340245
998877
4337504461243748660
998877
998877
998877
3622863190158362181
998877
6010737465865839474
998877
373704774356531803
998877
2511456925085870285
998877
17922947180052107105
998877
6529928133081673740
998877
1424727989130009098
998877
17581318549851740381
998877
844683071757856009
998877
17380421481358870854
998877
10300574455220088055
998877
9373394432994958988
998877
16686381460684325296
998877
12180239377371491404
998877
13904846092506871508
998877
2959102823271972268
998877
8968852571614470704
998877
5698912485872120491
998877
2819014805387186594
998877
8932119676707907514
